City,Latitude,Longitude,Population
Aberdeen-Scotland,57.149651,-2.099075,228800
Adelaide-Australia,-34.928497,138.600739,1333927
Algiers-Algeria,36.753769,3.058756,2988145
Amsterdam-Netherlands,52.370216,4.895168,866737
Ankara-Turkey,39.933365,32.859741,5346518
Asunción-Paraguay,-25.299999,-57.630001,680250
Athens-Greece,37.983810,23.727539,664046
Auckland-New Zealand,-36.848461,174.763336,1467800
Bangkok-Thailand,13.756331,100.501762,9617000
Barcelona-Spain,41.385063,2.173404,1620809
Beijing-China,39.904202,116.407394,21710000
Belém-Brazil,-1.454980,-48.502270,1439850
Belfast-Northern Ireland,54.597271,-5.930110,341877
Belgrade-Serbia,44.815071,20.460480,1166763
Berlin-Germany,52.520008,13.404954,3769495
Birmingham-England,52.486244,-1.890401,1141816
Bogotá-Colombia,4.710989,-74.072090,7412566
Bombay-India,19.075983,72.877655,12478447
Bordeaux-France,44.837788,-0.579180,254436
Bremen-Germany,53.074982,8.807080,569352
Brisbane-Australia,-27.469770,153.025131,2514184
Bristol-England,51.455311,-2.591900,463400
Brussels-Belgium,50.850346,4.351721,1208542
Bucharest-Romania,44.426765,26.102537,1883425
Budapest-Hungary,47.497913,19.040236,1752286
Buenos Aires-Argentina,-34.603683,-58.381557,2891082
Cairo-Egypt,30.044420,31.235712,9500000
Calcutta-India,22.572645,88.363892,4496694
Canton-China,44.478020,-69.517990,14904400
Cape Town-South Africa,-33.924870,18.424055,3776000
Caracas-Venezuela,10.480594,-66.903603,2245744
Cayenne-French Guiana,4.938000,-52.335049,61268
Chihuahua-Mexico,28.632996,-106.069099,878062
Chongqing-China,29.431585,106.912254,30484300
Copenhagen-Denmark,55.676098,12.568337,794128
Córdoba-Argentina,-31.420082,-64.188774,1317298
Dakar-Senegal,14.716677,-17.467686,2452656
Darwin-Australia,-12.463440,130.845642,148564
Djibouti-Djibouti,11.600470,43.150829,562000
Dublin-Ireland,53.349804,-6.260310,554554
Durban-South Africa,-29.858681,31.021839,3720953
Edinburgh-Scotland,55.953251,-3.188267,488050
Frankfurt-Germany,50.110924,8.682127,753056
Georgetown-Guyana,6.801279,-58.155125,200500
Glasgow-Scotland,55.864239,-4.251806,633120
Guatemala City-Guatemala,14.634915,-90.506882,923392
Guayaquil-Ecuador,-2.147630,-79.941750,2698077
Hamburg-Germany,53.551086,9.993682,1899160
Hammerfest-Norway,70.662323,23.682751,11448
Havana-Cuba,23.113592,-82.366592,2131480
Helsinki-Finland,60.169857,24.938379,650058
Hobart-Tasmania,-42.881901,147.323807,240342
Hong Kong-China,22.396427,114.109497,7500700
Iquique-Chile,-20.209770,-70.129570,191468
Irkutsk-Russia,52.286976,104.305016,587891
Jakarta-Indonesia,-6.175110,106.865036,10770487
Johannesburg-South Africa,-26.204103,28.047304,5635127
Kingston-Jamaica,18.017874,-76.809906,1243072
Kinshasa-Congo,-4.321530,15.311850,12691000
Kuala Lumpur-Malaysia,3.139003,101.686852,7564000
La Paz-Bolivia,-16.489689,-68.119293,757184
Leeds-England,53.799690,-1.549100,793139
Lima-Peru,-12.046373,-77.042755,8852000
Lisbon-Portugal,38.722252,-9.139337,505526
Liverpool-England,53.408371,-2.991573,98042
London-England,51.507351,-0.127758,8908081
Lyons-France,45.764042,4.835659,513275
Madrid-Spain,40.416775,-3.703790,3223334
Manchester-England,53.480759,-2.242631,552858
Manila-Philippines,14.599512,120.984222,1780148
Marseilles-France,47.068008,3.013480,870018
Mazatlán-Mexico,23.249414,-106.411140,502547
Mecca-Saudi Arabia,21.389082,39.857910,1578722
Melbourne-Australia,-37.813629,144.963058,5078193
Mexico City-Mexico,19.432608,-99.133209,8918653
Milan-Italy,45.464203,9.189982,1404431
Montevideo-Uruguay,-34.901112,-56.164532,1719453
Moscow-Russia,55.755825,37.617298,12506468
Munich-Germany,48.135124,11.581981,1471508
Nagasaki-Japan,32.728378,129.859665,407624
Nagoya-Japan,35.156940,136.913055,2327557
Nairobi-Kenya,-1.292066,36.821945,4397073
Nanjing (Nanking)-China,32.051960,118.778030,8505500
Naples-Italy,40.851799,14.268120,967068
New Delhi-India,28.613939,77.209023,26454000
Newcastle-upon-Tyne-England,54.997269,-1.793510,302820
Odessa-Ukraine,46.482525,30.723309,1016515
Osaka-Japan,34.693737,135.502167,2668586 
Oslo-Norway,59.913868,10.752245,1019513
Panama City-Panama,8.982379,-79.519867,880691
Paramaribo-Suriname,5.852036,-55.203827,240924
Paris-France,48.856613,2.352222,12532901
Perth-Australia,-31.950527,115.860458,2059484
Plymouth-England,50.370380,-4.142650,262100
Port Moresby-Papua New Guinea,-9.443800,147.180267,364145
Prague-Czech Republic,50.075539,14.437800,1324277
Rangoon-Myanmar,19.737440,96.195511,5160512
Reykjavík-Iceland,64.147209,-21.942400,131136 
Rio de Janeiro-Brazil,-22.906847,-43.172897,6718903
Rome-Italy,41.902782,12.496365,2860009
Salvador-Brazil,-12.977749,-38.501629,2857329
Santiago-Chile,-33.448891,-70.669266,5220161
St. Petersburg-Russia,59.934280,30.335098,5351935
São Paulo-Brazil,-23.550520,-46.633308,12176866
Shanghai-China,31.230391,121.473701,24281400
Singapore-Singapore,1.352083,103.819839,5703600
Sofia-Bulgaria,42.697708,23.321867,1241675
Stockholm-Sweden,59.329323,18.068581,975904
Sydney-Australia,-33.868820,151.209290,5312163
Tananarive-Madagascar,-18.879190,47.507904,1610000
Tehran-Iran,35.689198,51.388973,9033000
Tokyo-Japan,35.689487,139.691711,13929280
Tripoli-Libya,32.887211,13.191338,1165000
Venice-Italy,45.440845,12.315515,260897
Veracruz-Mexico,19.200331,-96.138931,8112505
Vienna-Austria,48.208176,16.373819,1888776
Vladivostok-Russia,43.119808,131.886917,604901
Warsaw-Poland,52.229675,21.012230,1790658
Wellington-New Zealand,-41.286461,174.776230,215400
Zürich-Switzerland,47.376888,8.541694,415215